Extracting dataset  Fingerprint..
Parsing dataset  Fingerprint..
Keys: 4,6,8,13,20,21,30,32,36,38,43,44,49,52,62,66,70,71,79,80,82,86,87,94,96,98,99,106,108,113,120,121,123,126,127,129,135,138,140,141,145,146,148,152,161,172,176,177,182,183,189,192,194,197,213,215,222,227,228,243,245,246,249,253,256,258,260,263,268,270,271,280,282,286,287,288,294,299,302,310,312,316,321,326,329,330,332,333,336,344,346,348,349,352,358,359,363,371,376,379,385,388,395,398,406,409,411,417,422,426,427,429,432,433,435,439,444,447,463,472,477,478,480,482,493,496,499,500,501,504,506,507,522,523,530,533,536,541,544,546,548,553,556,558,573,576,599,615,616,619,625,630,633,637,638,647,648,651,661,664,677,678,685,687,697,699,702,708,713,718,727,728,729,734,741,746,748,749,750,751,754,756,761,772,781,786,792,796,798,803,818,823,828,837,865,866,869,875,880,883,887,888,892,897,898,899,901,904,906,911,914,927,928,945,947,948,952,956,968,973,977,979,990,991,994,995,996,998,1000,1010,1014,1034,1036,1042,1049,1051,1055,1066,1068,1074,1076,1098,1100,1103,1107,1118,1127,1135,1136,1138,1139,1143,1145,1147,1155,1158,1160,1161,1172,1175,1177,1186,1188,1189,1190,1199,1200,1205,1207,1211,1214,1215,1216,1219,1220,1223,1229,1231,1234,1237,1240,1243,1245,1248,1258,1260,1264,1265,1284,1286,1294,1299,1301,1305,1308,1316,1324,1336,1348,1350,1354,1356,1368,1377,1379,1384,1385,1386,1388,1389,1393,1397,1403,1405,1408,1410,1413,1422,1425,1427,1436,1438,1440,1443,1449,1450,1452,1455,1457,1464,1465,1466,1470,1473,1475,1479,1481,1484,1490,1493,1495,1496,1499,1504,1513,1514,1521,1523,1546,1551,1558,1563,1571,1572,1575,1578,1581,1587,1591,1592,1596,1599,1601,1607,1608,1610,1611,1614,1616,1617,1621,1624,1627,1629,1635,1636,1638,1643,1644,1647,1653,1666,1668,1670,1671,1673,1675,1681,1683,1688,1689,1694,1695,1696,1698,1702,1706,1708,1710,1711,1712,1716,1729,1731,1739,1743,1744,1748,1751,1759,1763,1764,1766,1771,1773,1779,1795,1802,1808,1813,1818,1820,1821,1825,1837,1841,1846,1849,1851,1855,1856,1857,1858,1860,1867,1871,1874,1877,1886,1888,1893,1894,1903,1908,1911,1916,1918,1920,1923,1925,1927,1928,1933,1938,1939,1944,1945,1946,1952,1953,1956,1960,1961,1962,1966,1969,1981,1989,1993,1994,2001,2002,2003,2004,2005,2006,2007,2008,2009,2010,2011,2012,2013,2015,2016,2017,2020,2022,2024,2025,2026,2027,2028,2029,2031,2032,2033,2035,2036,2037,2038,2039,2040,2041,2043,2045,2047,2048,2050,2051,2052,2053,2054,2055,2057,2058,2059,2060,2061,2062,2065,2066,2069,2070,2071,2073,2074,2075,2076,2077,2078,2083,2084,2086,2087,2090,2091,2092,2093,2094,2096,2097,2098,2104,2107,2112,2115,2126,2127,2134,2135,2136,2140,2145,2152,2154,2157,2159,2161,2163,2165,2170,2177,2181,2182,2184,2185,2186,2189,2195,2229,2301,2314,2323,2336,2341,2345,2348,2357,2374,2384,2397,2426,2472,2503,2515,2516,2517,2518,2527,2532,2538,2541,2542,2548,2549,2553,2555,2557,2558,2560,2567,2569,2577,2578,2579,2581,2586,2587,2592,2595,2598,2599,2601,2604,2605,2609,2624,2637,2639,2642,2646,2653,2659,2661,2676,2677,2679,2681,2692,2697,2700,2703,2711,2712,2715,2726,2729,2730,2735,2736,2745,2747,2753,2765,2777,2782,2788,2791,2798,2799 are empty.
Parse was succesful..
Deleting unzipped dataset files..
Going back to the original directory..
train_acc: 0.4778085513085467, train_f1: 0.14265377821346434, test_acc: 0.4701608346011737, test_f1: 0.17874063836651766
train_acc: 0.47915331655976773, train_f1: 0.14378420968128375, test_acc: 0.46924798956748537, test_f1: 0.17741427460853249
train_acc: 0.47858465416691853, train_f1: 0.1445786284665434, test_acc: 0.46368615518365563, test_f1: 0.1782017486979368
train_acc: 0.47811865541129384, train_f1: 0.14235405986102032, test_acc: 0.46413605737883074, test_f1: 0.17478089737559072
train_acc: 0.47667050429298774, train_f1: 0.14116506875788518, test_acc: 0.4706650728102586, test_f1: 0.1770737092002072
train_acc: 0.4777051921907158, train_f1: 0.14266008062078553, test_acc: 0.4678613344925016, test_f1: 0.17826726944394333
train_acc: 0.47739492759244406, train_f1: 0.14202470468036515, test_acc: 0.4702108237339709, test_f1: 0.17715657687449127
train_acc: 0.47786073910329013, train_f1: 0.141950431080341, test_acc: 0.4734688111280157, test_f1: 0.17758718706848825
train_acc: 0.4772400226619681, train_f1: 0.14120360881640706, test_acc: 0.4706976744186047, test_f1: 0.17621506195151856
train_acc: 0.47837804292827296, train_f1: 0.1426970030096928, test_acc: 0.4734796783307976, test_f1: 0.17909358057378116
acc: 0.4693614431645295(0.0033408667992384793)
f1: 0.17745309441610074(0.0012691656701919862)
